MeshAnim
1
28
76
30
0.9840178 -0.04906599 0.1711766 0
-0.01455513 0.9359096 0.3519396 0
0.1774741 0.3488064 -0.9202375 0
-0.0168233 0.4585902 0.004639988 1

0.9940765 -0.01559891 0.1075571 0
-0.01342316 0.9644474 0.263934 0
0.1078502 0.2638144 -0.9585251 0
-0.01927108 0.5296393 0.03082739 1

0.9999372 -0.000296779 0.01119158 0
0.0002465136 0.99999 0.004492554 0
0.01119278 0.004489515 -0.9999273 0
-0.02251368 0.6268429 0.0572057 1

0.9964188 -0.01285285 -0.08357342 0
-0.01105285 0.9601011 -0.2794348 0
-0.08383049 -0.2793576 -0.9565207 0
-0.02436593 0.7020691 0.05752311 1

0.9652572 -0.07542055 -0.2501806 0
-0.01913808 0.9344627 -0.3555465 0
-0.2605999 -0.3479818 -0.9005535 0
-0.02705801 0.8792851 -0.001827882 1

0.9920086 -0.06468888 -0.1083247 0
0.05238292 0.9922327 -0.1128284 0
-0.114782 -0.1062524 -0.987692 0
-0.03039304 0.9302722 -0.04136478 1

0.9920086 -0.06468888 -0.1083247 0
0.06774358 0.9973955 0.02475716 0
-0.106441 0.0318977 -0.9938074 0
-0.01975297 1.027827 -0.002182954 1

0.977711 -0.2087014 -0.02291805 0
0.1982822 0.9537227 -0.2260469 0
-0.06903376 -0.2164643 -0.9738467 0
-0.0355002 1.017283 0.1144571 1

0.9920086 -0.06468888 -0.1083247 0
0.03784974 0.9715967 -0.2335962 0
-0.120359 -0.2276294 -0.9662806 0
-0.00668598 1.022862 0.1204462 1

0.9808534 0.05880051 -0.1856584 0
0.09525257 -0.976366 0.1940015 0
0.1698631 0.2079715 0.9632729 0
0.01982654 1.013509 0.1070847 1

0.9920086 -0.06468888 -0.1083247 0
-0.07163465 -0.9955329 -0.0615028 0
0.1038623 -0.06877105 0.9922113 0
0.04042934 0.9964182 0.08951953 1

0.9920086 -0.06468888 -0.1083247 0
0.07163464 0.9955329 0.0615028 0
-0.1038622 0.06877114 -0.9922112 0
-0.006592225 1.025315 0.1198399 1

0.9920086 -0.06468888 -0.1083247 0
-0.07163465 -0.9955329 -0.0615028 0
0.1038623 -0.06877105 0.9922113 0
0.04487277 1.08334 0.0316799 1

0.9920086 -0.06468888 -0.1083247 0
-0.07163465 -0.9955329 -0.0615028 0
0.1038623 -0.06877105 0.9922113 0
-0.001607214 1.103059 0.08952306 1

0.9920086 -0.06468888 -0.1083247 0
-0.07163465 -0.9955329 -0.0615028 0
0.1038623 -0.06877105 0.9922113 0
0.02221146 1.016275 0.1093582 1

0.9920086 -0.06468888 -0.1083247 0
-0.07163465 -0.9955329 -0.0615028 0
0.1038623 -0.06877105 0.9922113 0
0.07664502 1.130471 0.04395329 1

0.9920086 -0.06468888 -0.1083247 0
0.07163464 0.9955329 0.0615028 0
-0.1038622 0.06877114 -0.9922112 0
-0.003876954 1.059248 0.1244414 1

0.9920086 -0.06468888 -0.1083247 0
0.07163464 0.9955329 0.0615028 0
-0.1038622 0.06877114 -0.9922112 0
-0.06100759 1.003147 0.1015931 1

0.9920086 -0.06468888 -0.1083247 0
0.07163464 0.9955329 0.0615028 0
-0.1038622 0.06877114 -0.9922112 0
-0.06791861 1.090695 0.04399642 1

0.9920086 -0.06468888 -0.1083247 0
0.07163464 0.9955329 0.0615028 0
-0.1038622 0.06877114 -0.9922112 0
-0.03728211 1.020219 0.1164228 1

0.9958904 -0.07139544 -0.05572341 0
-0.07768936 -0.989675 -0.1204484 0
0.04654863 -0.1242825 0.9911546 0
0.04487277 1.08334 0.0316799 1

0.99515 -0.06983033 -0.06928177 0
0.0780454 0.9892099 0.1239867 0
-0.05987617 0.1287925 -0.9898623 0
-0.06791861 1.090695 0.04399642 1

0.9920086 -0.06468888 -0.1083247 0
-0.07163465 -0.9955329 -0.0615028 0
0.1038623 -0.06877105 0.9922113 0
0.01758363 1.063959 0.09253788 1

0.9920086 -0.06468888 -0.1083247 0
0.07163464 0.9955329 0.0615028 0
-0.1038622 0.06877114 -0.9922112 0
-0.03090625 1.067121 0.09783289 1

0.9920086 -0.06468888 -0.1083247 0
-0.07914084 -0.9876902 -0.134926 0
0.09826303 -0.1424207 0.9849166 0
0.07657997 1.043978 0.0719303 1

0.9920086 -0.06468888 -0.1083247 0
0.07914084 0.9876901 0.1349261 0
-0.098263 0.1424207 -0.9849166 0
-0.09501767 1.055168 0.09066831 1

0.9920086 -0.06468888 -0.1083247 0
0.07163464 0.9955329 0.0615028 0
-0.1038622 0.06877114 -0.9922112 0
-0.005424948 1.105384 0.08271644 1

0.9920086 -0.06468888 -0.1083247 0
0.07163464 0.9955329 0.0615028 0
-0.1038622 0.06877114 -0.9922112 0
-0.09005343 1.141281 0.06162615 1

0.9920086 -0.06468888 -0.1083247 0
0.07163464 0.9955329 0.0615028 0
-0.1038622 0.06877114 -0.9922112 0
-0.007956077 1.103473 0.09021631 1

0.9920086 -0.06468888 -0.1083247 0
0.05238292 0.9922327 -0.1128284 0
-0.114782 -0.1062524 -0.987692 0
-0.07143229 1.088206 0.08496416 1

-0.02707152 0.955321 -0.2943284 0
0.9141895 -0.09544861 -0.3938875 0
0.4043823 0.2797351 0.8707605 0
0.008271178 0.8355551 0.0100736 1

0.4918134 0.06906939 0.8679572 0
0.6627895 -0.6761556 -0.3217521 0
-0.5646504 -0.7335144 0.3783206 0
0.2774086 0.8074549 -0.1058868 1

0.491815 0.06906532 0.8679566 0
-0.3566837 -0.8933865 0.2731986 0
-0.794289 0.4439493 0.4147463 0
0.4590132 0.6221884 -0.1940464 1

0.6568031 -0.2255264 0.7195471 0
-0.433423 -0.8937587 0.1154996 0
-0.617053 0.3877289 0.6847717 0
0.4001604 0.4747796 -0.1489687 1

-0.5715618 0.3772998 -0.7286719 0
-0.617053 0.3877289 0.6847717 0
-0.5408909 -0.8410182 -0.01120308 0
0.4001604 0.4747796 -0.1489687 1

-0.4283741 -0.8857674 -0.1786394 0
-0.5544675 0.4137727 -0.7220517 0
-0.7134855 0.2102587 0.6683785 0
0.3645799 0.3577696 -0.1768766 1

-0.5434227 0.4361084 -0.717288 0
0.4423013 0.8749865 0.196898 0
-0.7134856 0.2102588 0.6683785 0
0.3473543 0.3706241 -0.1993084 1

-0.4516668 -0.877548 -0.1609566 0
-0.5535133 0.417107 -0.7208644 0
-0.6997286 0.2364991 0.6741275 0
0.3474722 0.3695409 -0.1571689 1

-0.541878 0.4392332 -0.7165495 0
0.4655623 0.8666852 0.1791906 0
-0.6997286 0.2364991 0.6741275 0
0.3255691 0.3860463 -0.1856942 1

-0.3116954 -0.9481689 0.06182141 0
-0.6123167 0.1506857 -0.7761203 0
-0.7265772 0.2797676 0.6275475 0
0.3298515 0.3812184 -0.1382254 1

-0.6042131 0.1746889 -0.7774388 0
0.3271276 0.9440416 -0.04211406 0
-0.7265772 0.2797676 0.6275476 0
0.3063102 0.3870116 -0.1680642 1

-0.4676754 -0.8838792 -0.006138213 0
-0.5140454 0.2776262 -0.8115922 0
-0.7190532 0.3764064 0.5841925 0
0.3042204 0.3956943 -0.1242421 1

-0.5547051 0.195535 -0.8087454 0
0.4186467 0.9055853 -0.0681943 0
-0.7190532 0.3764065 0.5841925 0
0.2845827 0.4063003 -0.1552468 1

-0.238495 0.4634956 0.8534006 0
-0.9703454 -0.07810635 -0.2287562 0
0.03937125 0.8826505 -0.4683785 0
0.3264628 0.4596319 -0.1258982 1

-0.960029 0.1634119 0.2272473 0
-0.2771185 -0.4407101 -0.8538036 0
0.03937121 0.8826506 -0.4683787 0
0.2944009 0.4570512 -0.1334567 1

0.6214631 -0.008555014 0.7833971 0
-0.3566837 -0.8933865 0.2731986 0
-0.697539 0.4492079 0.558258 0
0.4251283 0.5373167 -0.1680926 1

0.6157 0.6895066 0.3814372 0
0.7844989 -0.581831 -0.2145561 0
-0.0739939 -0.4313391 0.8991507 0
0.2776523 0.8090423 -0.1053938 1

-0.05146077 -0.9182884 0.3925534 0
0.9939517 -0.008910473 0.1094557 0
0.09701402 -0.3958118 -0.9131929 0
-0.06101995 0.8364487 0.01588533 1

0.1092626 -0.9760084 -0.1883335 0
0.7693621 0.2030062 -0.6056983 0
-0.6293995 0.07871651 -0.7730848 0
-0.3536389 0.8390722 -0.01633852 1

0.109274 -0.9760043 -0.1883475 0
-0.6995963 0.05909091 -0.7120908 0
-0.7061334 -0.2095802 0.6763519 0
-0.5644441 0.7834494 0.149623 1

0.3418364 -0.9368078 0.07442492 0
-0.7573773 -0.3215148 -0.5683379 0
-0.556352 -0.1379109 0.8194223 0
-0.4490106 0.7736988 0.2671183 1

-0.2051259 0.9784061 0.02539656 0
-0.556352 -0.1379109 0.8194223 0
-0.8052303 -0.1539553 -0.5726274 0
-0.4490101 0.773699 0.2671187 1

-0.6843425 -0.08295775 -0.7244264 0
-0.1772715 0.9826276 0.05493689 0
-0.7072839 -0.1660158 0.6871598 0
-0.3783927 0.789397 0.3696013 1

-0.159855 0.9844158 0.07329538 0
0.688619 0.05800516 0.7227998 0
-0.7072839 -0.1660157 0.6871598 0
-0.3728853 0.7588689 0.3678944 1

-0.7059916 -0.08444114 -0.7031683 0
-0.1753998 0.9827825 0.05808502 0
-0.6861566 -0.1643432 0.7086471 0
-0.3631989 0.7933479 0.3456604 1

-0.1574348 0.9846082 0.07590334 0
0.7102138 0.05948416 0.7014689 0
-0.6861566 -0.1643432 0.7086471 0
-0.356258 0.7544583 0.343362 1

-0.6572562 -0.3500672 -0.6674336 0
-0.3181329 0.9316825 -0.1753833 0
-0.683232 -0.09706081 0.7237219 0
-0.3476803 0.7965238 0.3221063 1

-0.3013583 0.9402628 -0.1583963 0
0.6651146 0.3263209 0.6716677 0
-0.683232 -0.0970609 0.723722 0
-0.3354492 0.7607039 0.3288492 1

-0.7572131 -0.2057319 -0.6199219 0
-0.1734232 0.9783601 -0.1128555 0
-0.6297248 -0.02205322 0.7765056 0
-0.3271624 0.791328 0.2973264 1

-0.2420229 0.9554147 -0.1691395 0
0.7381547 0.2944432 0.6069856 0
-0.6297248 -0.02205322 0.7765056 0
-0.320537 0.7539523 0.3016379 1

-0.2255477 -0.3879971 0.893637 0
-0.8486162 0.528785 0.01540175 0
0.4785175 0.7548808 0.4485268 0
-0.3720206 0.7702242 0.2511976 1

-0.8480566 0.2648879 0.4589496 0
-0.2276429 0.5999913 -0.7669352 0
0.4785175 0.7548807 0.4485267 0
-0.3439804 0.752753 0.250689 1

0.07901696 -0.9840646 -0.1592902 0
-0.6995963 0.05909091 -0.7120908 0
-0.7101559 -0.1677061 0.6837788 0
-0.4979821 0.7778356 0.2172722 1

0.5817035 -0.6433658 -0.4976962 0
0.6354985 0.7413856 -0.2156142 0
-0.5077036 0.1908617 -0.8401243 0
-0.3531346 0.8430367 -0.0162203 1

0.9438866 -0.3111354 -0.110783 0
-0.1439672 -0.6894961 0.7098374 0
0.2972398 0.6540569 0.6955995 0
0.1283969 0.4034387 0.02094334 1

0.9438866 -0.3111354 -0.110783 0
-0.3193969 -0.9452882 -0.06645484 0
0.0840454 -0.09810957 0.9916206 0
0.09672417 0.2517496 0.1771076 1

0.8572809 -0.132791 -0.4974295 0
0.04086703 -0.9455662 0.3228543 0
0.5132245 0.2971053 0.8051891 0
0.03926311 0.07995862 0.1700079 1

0.8572809 -0.132791 -0.4974295 0
0.04086703 -0.9455662 0.3228543 0
0.5132245 0.2971053 0.8051891 0
0.08131441 0.05862972 0.2431482 1

0.9483958 0.1666422 0.2697699 0
-0.2544199 0.9076838 0.3337374 0
0.189251 0.38515 -0.9032406 0
-0.1636518 0.4180014 -0.02986051 1

0.9483959 0.166642 0.2697698 0
-0.3143385 0.6059051 0.7308012 0
0.04167269 0.7778879 -0.6270199 0
-0.1076794 0.218311 -0.1032827 1

0.841426 -0.06029643 0.536998 0
-0.3672908 0.6650941 0.6501902 0
0.3963583 0.7443213 -0.5374811 0
-0.05092372 0.1046331 -0.2325906 1

0.841426 -0.06029643 0.536998 0
0.04571593 0.9981355 0.04044231 0
0.5384352 0.009479992 -0.8426136 0
-0.06570043 0.01934057 -0.2236698 1

1 0 0 0
0 1 0 0
0 0 -1 0
0 0 0 1

1 0 0 0
0 1 0 0
0 0 -1 0
0 0 0 1

1 0 0 0
0 1 0 0
0 0 -1 0
0 0 0 1

0.2051259 -0.978406 -0.02539665 0
0.5563521 0.1379108 -0.8194224 0
-0.8052302 -0.1539553 -0.5726273 0
-0.4490102 0.7736991 0.2671187 1

0.9876094 -0.04247462 0.1510749 0
-0.01270648 0.9378725 0.3467473 0
0.156417 0.3443705 -0.925712 0
-0.00898692 0.4302979 -0.0004306738 1

0.9953854 -0.01259291 0.09512794 0
-0.01384833 0.9621217 0.2722685 0
0.09495331 0.2723294 -0.9575074 0
-0.01119894 0.5017797 0.0255163 1

0.9999354 0.001154248 0.01131941 0
-0.001257278 0.9999578 0.009100505 0
0.01130843 0.009114165 -0.9998946 0
-0.01433531 0.5986437 0.05273098 1

0.9974177 -0.009720962 -0.0711595 0
-0.01057486 0.960121 -0.2793847 0
-0.07103764 -0.2794158 -0.9575387 0
-0.01615493 0.6743134 0.05347764 1

0.9725639 -0.06718294 -0.222724 0
-0.01778413 0.9331197 -0.3591258 0
-0.2319553 -0.3532338 -0.9063237 0
-0.01866193 0.8515326 -0.005871661 1

0.9932684 -0.05970682 -0.09926346 0
0.04607319 0.9898591 -0.1343732 0
-0.1062799 -0.1288952 -0.9859465 0
-0.02165355 0.9020182 -0.04559079 1

0.9932684 -0.05970682 -0.09926346 0
0.06031935 0.998174 0.00317804 0
-0.09889247 0.009144044 -0.995056 0
-0.01202741 1.000491 -0.008499008 1

0.9799262 -0.1987217 -0.01595457 0
0.1896943 0.9540373 -0.2320103 0
-0.06132673 -0.2243265 -0.9725825 0
-0.02881217 0.9923579 0.108161 1

0.9932684 -0.05970682 -0.09926346 0
0.03430908 0.9701138 -0.2402124 0
-0.1106392 -0.2351898 -0.9656317 0
0.0001180302 0.9982717 0.114368 1

0.982838 0.05968167 -0.17455 0
0.09525003 -0.9745094 0.2031221 0
0.157978 0.2162622 0.9634696 0
0.02693979 0.9888216 0.1013566 1

0.9932684 -0.05970682 -0.09926346 0
-0.06393625 -0.9971526 -0.03998457 0
0.0965935 -0.04606188 0.9942575 0
0.04786657 0.9714971 0.08413459 1

0.9932684 -0.05970682 -0.09926346 0
0.06393626 0.9971526 0.03998464 0
-0.09659347 0.04606197 -0.9942576 0
0.000194829 1.000741 0.1136511 1

0.9932684 -0.05970684 -0.09926346 0
-0.06393628 -0.9971527 -0.0399847 0
0.09659347 -0.04606203 0.9942576 0
0.05192732 1.057215 0.02461866 1

0.9932684 -0.05970682 -0.09926346 0
-0.06393625 -0.9971526 -0.03998457 0
0.0965935 -0.04606188 0.9942575 0
0.004836421 1.077467 0.08170836 1

0.9932684 -0.05970682 -0.09926346 0
-0.06393625 -0.9971526 -0.03998457 0
0.0965935 -0.04606188 0.9942575 0
0.02923325 0.9916503 0.1034816 1

0.9932684 -0.05970682 -0.09926346 0
-0.06393625 -0.9971526 -0.03998457 0
0.0965935 -0.04606188 0.9942575 0
0.08323083 1.104203 0.03617626 1

0.9932684 -0.05970682 -0.09926346 0
0.06393626 0.9971526 0.03998464 0
-0.09659347 0.04606197 -0.9942576 0
0.002625756 1.03476 0.1175129 1

0.9932684 -0.05970682 -0.09926346 0
0.06393626 0.9971526 0.03998464 0
-0.09659347 0.04606197 -0.9942576 0
-0.05423861 0.9777618 0.09527244 1

0.9932684 -0.05970682 -0.09926346 0
0.0639359 0.9971527 0.03998095 0
-0.09659371 0.04605825 -0.9942577 0
-0.0610072 1.064004 0.03590566 1

0.9932684 -0.05970682 -0.09926346 0
0.06393626 0.9971526 0.03998464 0
-0.09659347 0.04606197 -0.9942576 0
-0.03057852 0.9953182 0.1099911 1

0.9972705 -0.06552222 -0.03404158 0
-0.06823321 -0.9939768 -0.085759 0
0.02821746 -0.08784751 0.9957343 0
0.05192755 1.057216 0.02462006 1

0.9966506 -0.06418742 -0.0506708 0
0.06848888 0.9937368 0.08829655 0
-0.04468594 0.09147122 -0.9948046 0
-0.06100705 1.064005 0.03590631 1

0.9932684 -0.05970682 -0.09926346 0
-0.06393625 -0.9971526 -0.03998457 0
0.0965935 -0.04606188 0.9942575 0
0.02432762 1.038407 0.08575455 1

0.9932684 -0.05970682 -0.09926346 0
0.06393626 0.9971526 0.03998464 0
-0.09659347 0.04606197 -0.9942576 0
-0.0243236 1.041332 0.09061658 1

0.9932684 -0.05970682 -0.09926346 0
-0.07054569 -0.9914764 -0.1095352 0
0.09187739 -0.1158003 0.9890144 0
0.08357278 1.018623 0.06588893 1

0.9932684 -0.05970682 -0.09926346 0
0.07054565 0.9914762 0.109535 0
-0.09187737 0.1158002 -0.9890141 0
-0.08824278 1.028951 0.08305956 1

0.9932684 -0.05970682 -0.09926346 0
0.06393626 0.9971526 0.03998464 0
-0.09659347 0.04606197 -0.9942576 0
0.001073953 1.080013 0.07476849 1

0.9932684 -0.05970682 -0.09926346 0
0.06393626 0.9971526 0.03998464 0
-0.09659347 0.04606197 -0.9942576 0
-0.08367471 1.114165 0.05232795 1

0.9932684 -0.05970682 -0.09926346 0
0.06393626 0.9971526 0.03998464 0
-0.09659347 0.04606197 -0.9942576 0
-0.001520502 1.077849 0.08234365 1

0.9932684 -0.05970682 -0.09926346 0
0.04607319 0.9898591 -0.1343732 0
-0.1062799 -0.1288952 -0.9859465 0
-0.06482296 1.062396 0.07689098 1

-0.04426304 0.9524816 -0.3013628 0
0.9256606 -0.07435943 -0.3709763 0
0.3757573 0.2953802 0.8783833 0
0.01665291 0.8079107 0.006461381 1

0.338242 0.1482215 0.9293132 0
0.7525916 -0.6354741 -0.1725653 0
-0.5649765 -0.7577621 0.3264943 0
0.2891674 0.7860193 -0.102754 1

0.3382443 0.148217 0.9293131 0
-0.4091053 -0.8661619 0.2870479 0
-0.8474808 0.4772792 0.232338 0
0.4953776 0.6118995 -0.1500363 1

0.486837 -0.2641388 0.8325987 0
-0.4486454 -0.8934605 -0.02111524 0
-0.7494712 0.363262 0.5534742 0
0.4278753 0.4689828 -0.1026734 1

-0.4015345 0.4152738 -0.8162832 0
-0.7494712 0.363262 0.5534742 0
-0.5263678 -0.8340197 -0.1653737 0
0.4278753 0.4689828 -0.1026734 1

-0.3805482 -0.8724399 -0.3066463 0
-0.3862388 0.4512363 -0.804491 0
-0.8402396 0.1877089 0.5086872 0
0.399048 0.3537068 -0.1428804 1

-0.3764614 0.4732219 -0.7964538 0
0.3902234 0.8607129 0.3269549 0
-0.8402398 0.187709 0.5086871 0
0.3870487 0.3677252 -0.1678733 1

-0.4070898 -0.8647738 -0.294014 0
-0.3855599 0.4545045 -0.8029755 0
-0.8280228 0.2135231 0.5184461 0
0.3781143 0.3647665 -0.1267838 1

-0.3751093 0.4762946 -0.7952591 0
0.4167392 0.8529665 0.3142883 0
-0.8280228 0.213523 0.5184461 0
0.3628575 0.3827518 -0.1585583 1

-0.3182634 -0.9466902 -0.04986474 0
-0.4312847 0.1914317 -0.8816733 0
-0.8442168 0.2590983 0.4692186 0
0.3568439 0.3757718 -0.1115471 1

-0.4230727 0.2153843 -0.8801247 0
0.3291011 0.9415297 0.07221383 0
-0.8442168 0.2590983 0.4692186 0
0.3402627 0.3831317 -0.145444 1

-0.4559733 -0.8778221 -0.1466873 0
-0.3276134 0.3187968 -0.8894033 0
-0.8275011 0.3574874 0.4329489 0
0.3288167 0.3898767 -0.1027401 1

-0.3679847 0.2370872 -0.899098 0
0.4240629 0.9033231 0.06464026 0
-0.8275011 0.3574874 0.4329489 0
0.3163012 0.4020557 -0.1367173 1

-0.415909 0.4275108 0.8026547 0
-0.8986349 -0.05776 -0.4348787 0
0.139554 0.9021633 -0.4081987 0
0.3509339 0.4535901 -0.09666354 1

-0.9863342 0.163105 0.02327418 0
-0.08757639 -0.3993726 -0.9125966 0
0.139554 0.9021633 -0.4081987 0
0.3212415 0.4516816 -0.1110327 1

0.4795132 0.0635694 0.8752294 0
-0.4091053 -0.8661619 0.2870479 0
-0.7763374 0.4957042 0.3893295 0
0.4565127 0.5296142 -0.1227668 1

0.5884153 0.7074257 0.3915567 0
0.8040935 -0.5627998 -0.1915476 0
-0.08486226 -0.4275573 0.8999961 0
0.2893479 0.7873429 -0.1022981 1

-0.05157607 -0.9213955 0.3851888 0
0.9914318 -0.0008895993 0.1306231 0
0.1200128 -0.3886256 -0.9135464 0
-0.05270769 0.8085866 0.01140982 1

0.1629622 -0.9701657 -0.1795061 0
0.7615623 0.2393582 -0.6022713 0
-0.6272692 0.03855772 -0.7778476 0
-0.3445847 0.8088487 -0.02704571 1

0.1629734 -0.970161 -0.17952 0
-0.6953918 0.01612719 -0.7184502 0
-0.6999074 -0.241925 0.6720135 0
-0.5532527 0.7432655 0.1379768 1

0.3950576 -0.9127817 0.1037281 0
-0.7264076 -0.3795069 -0.5729806 0
-0.5623717 -0.1510114 0.8129783 0
-0.4385131 0.7406039 0.2565214 1

-0.2629164 0.9648152 -0.002655253 0
-0.5623717 -0.1510114 0.8129783 0
-0.7839729 -0.2152385 -0.5822879 0
-0.4385128 0.7406042 0.2565217 1

-0.6646848 -0.1408484 -0.7337275 0
-0.2359129 0.9713924 0.0272424 0
-0.7089002 -0.1912033 0.6788977 0
-0.3708597 0.7629271 0.3597723 1

-0.2189763 0.9746528 0.04584569 0
0.6704553 0.1161622 0.7328003 0
-0.7089002 -0.1912032 0.6788977 0
-0.3635305 0.7327479 0.3589259 1

-0.6865999 -0.1431047 -0.7128125 0
-0.2341125 0.9717339 0.03041728 0
-0.6883113 -0.1877628 0.7006947 0
-0.3554834 0.7671977 0.3360036 1

-0.2166205 0.9750513 0.04848912 0
0.6923177 0.1184092 0.7118118 0
-0.6883113 -0.1877628 0.7006947 0
-0.3462192 0.7287453 0.3348 1

-0.6229534 -0.4044306 -0.6696007 0
-0.3692222 0.9066511 -0.2041056 0
-0.6896408 -0.1200831 0.7141259 0
-0.3397444 0.7707238 0.3126464 1

-0.3533012 0.9166185 -0.1870546 0
0.6321189 0.3813018 0.6745629 0
-0.6896409 -0.1200831 0.7141259 0
-0.3255491 0.7358661 0.3204935 1

-0.7321152 -0.2651909 -0.6274405 0
-0.228704 0.9633333 -0.1402998 0
-0.6416404 -0.04078253 0.7659208 0
-0.3184991 0.7661628 0.2883594 1

-0.2947734 0.9350071 -0.1971569 0
0.7081009 0.3522768 0.6119598 0
-0.6416405 -0.04078249 0.7659208 0
-0.3097618 0.7293612 0.2937194 1

-0.2188274 -0.3791438 0.8990914 0
-0.8784687 0.4776399 -0.01238893 0
0.4247445 0.7925342 0.4375864 0
-0.3611698 0.7413291 0.242013 1

-0.8705821 0.2249693 0.43758 0
-0.2483537 0.5668144 -0.7855204 0
0.4247446 0.7925342 0.4375864 0
-0.3321433 0.7255479 0.2424226 1

0.1289786 -0.9807134 -0.1468532 0
-0.6953918 0.01612719 -0.7184502 0
-0.706962 -0.1947851 0.6798999 0
-0.4871903 0.7417333 0.2062301 1

0.5979345 -0.6347531 -0.4894515 0
0.6332723 0.7484387 -0.1969928 0
-0.4913663 0.1921673 -0.8494887 0
-0.3442062 0.8122199 -0.02681993 1

0.9387969 -0.3356918 -0.07727489 0
-0.1812843 -0.6722184 0.717815 0
0.2929102 0.6598737 0.6919323 0
0.1368559 0.3760679 0.01318521 1

0.9387969 -0.3356918 -0.07727489 0
-0.3414435 -0.877152 -0.3376695 0
-0.04557108 -0.3433881 0.9380874 0
0.09697152 0.2281732 0.1711116 1

0.8428662 0.04119545 -0.5365438 0
0.03317497 -0.9991466 -0.02459867 0
0.5370995 -0.002933653 0.8435137 0
0.03486635 0.06749988 0.1145938 1

0.8428662 0.04119545 -0.5365438 0
0.03254869 -0.9991426 -0.02558225 0
0.5371379 -0.004098691 0.8434845 0
0.07830167 0.02192417 0.1746684 1

0.9521281 0.07400544 0.2966062 0
-0.1764253 0.9253917 0.3354465 0
0.2496521 0.3717169 -0.8941478 0
-0.1562588 0.3886744 -0.03165261 1

0.9521282 0.07400514 0.2966061 0
-0.3020057 0.3780775 0.8751286 0
0.04737613 0.9228113 -0.3823282 0
-0.1174476 0.1851009 -0.1054462 1

0.8672593 -0.08418725 0.4906873 0
-0.3695556 0.5515666 0.7477987 0
0.3336018 0.8298716 -0.4472392 0
-0.06295873 0.111991 -0.2621185 1

0.8672593 -0.08418725 0.4906873 0
-0.0001488235 0.9855551 0.1693549 0
0.4978569 0.1469476 -0.8547192 0
-0.0730444 0.02558139 -0.2642134 1

1 0 0 0
0 1 0 0
0 0 -1 0
0 0 0 1

1 0 0 0
0 1 0 0
0 0 -1 0
0 0 0 1

1 0 0 0
0 1 0 0
0 0 -1 0
0 0 0 1

0.255636 -0.9667474 0.007068217 0
0.555624 0.1409321 -0.8194025 0
-0.7911589 -0.2133961 -0.5731752 0
-0.4374196 0.7409978 0.2592081 1

0.9925621 -0.03262359 0.117287 0
-0.009747012 0.9390361 0.3436803 0
0.1213489 0.3422672 -0.9317337 0
-0.00141953 0.4097497 -0.00417892 1

0.9972244 -0.009309156 0.07387041 0
-0.0115883 0.9606557 0.2775 0
0.07354733 0.2775859 -0.9578815 0
-0.003145995 0.4815186 0.02168071 1

0.9999369 0.001263458 0.01116702 0
-0.001408901 0.9999142 0.01302672 0
0.01114962 0.01304166 -0.9998528 0
-0.00568122 0.578162 0.04943867 1

0.9986967 -0.006687917 -0.05059551 0
-0.007611223 0.9607717 -0.2772358 0
-0.05046485 -0.2772595 -0.9594689 0
-0.007142033 0.6534799 0.05043346 1

0.9826971 -0.05443382 -0.1770405 0
-0.01295165 0.9333056 -0.3588496 0
-0.1847665 -0.3549335 -0.9164516 0
-0.008941464 0.8308369 -0.008528949 1

0.9953179 -0.04706776 -0.08441929 0
0.03422546 0.9884567 -0.1475878 0
-0.09039143 -0.1440075 -0.9854397 0
-0.01138814 0.8810148 -0.04821388 1

0.9953179 -0.04706776 -0.08441929 0
0.04638948 0.9988736 -0.00997991 0
-0.08479392 -0.006016935 -0.9963804 0
-0.003662028 0.9801167 -0.01237562 1

0.9836165 -0.1801129 -0.007594228 0
0.1740046 0.9595839 -0.2211816 0
-0.04712494 -0.2162364 -0.975203 0
-0.02229542 0.9732802 0.1040451 1

0.9953179 -0.04706776 -0.08441929 0
0.02648458 0.9728005 -0.2301252 0
-0.0929546 -0.2268119 -0.9694926 0
0.006763239 0.9796292 0.1108125 1

0.9858145 0.06757716 -0.1536327 0
0.09753329 -0.9755977 0.1967135 0
0.1365904 0.2089073 0.9683496 0
0.03410159 0.9704283 0.09817156 1

0.9953179 -0.04706776 -0.08441929 0
-0.04949439 -0.9984124 -0.02688463 0
0.08301985 -0.03093714 0.9960676 0
0.05560989 0.9531569 0.08119842 1

0.9953179 -0.04706776 -0.08441929 0
0.04949439 0.9984124 0.02688466 0
-0.08301985 0.0309372 -0.9960676 0
0.006809371 0.9821994 0.1099233 1

0.9953179 -0.04706781 -0.08441929 0
-0.04949451 -0.9984125 -0.02688528 0
0.08301982 -0.03093786 0.9960678 0
0.05901822 1.038187 0.02083608 1

0.9953179 -0.04706776 -0.08441929 0
-0.04949439 -0.9984124 -0.02688463 0
0.08301985 -0.03093714 0.9960676 0
0.01082044 1.057976 0.07705893 1

0.9953179 -0.04706776 -0.08441929 0
-0.04949439 -0.9984124 -0.02688463 0
0.08301985 -0.03093714 0.9960676 0
0.03624789 0.9733087 0.1001321 1

0.9953179 -0.04706776 -0.08441929 0
-0.04949439 -0.9984124 -0.02688463 0
0.08301985 -0.03093714 0.9960676 0
0.08946541 1.084825 0.03231819 1

0.9953179 -0.04706776 -0.08441929 0
0.04949439 0.9984124 0.02688466 0
-0.08301985 0.0309372 -0.9960676 0
0.008709902 1.01627 0.1133341 1

0.9953179 -0.04706776 -0.08441929 0
0.04949439 0.9984124 0.02688466 0
-0.08301985 0.0309372 -0.9960676 0
-0.04750882 0.9581593 0.09078725 1

0.9953179 -0.04706776 -0.08441929 0
0.04949319 0.9984128 0.02687032 0
-0.08302055 0.03092278 -0.9960678 0
-0.05414908 1.043537 0.03043742 1

0.9953179 -0.04706776 -0.08441929 0
0.04949439 0.9984124 0.02688466 0
-0.08301985 0.0309372 -0.9960676 0
-0.02404856 0.9762321 0.1057264 1

0.998612 -0.05142618 -0.01137005 0
-0.05200738 -0.9969202 -0.05869664 0
0.008316457 -0.05920657 0.998211 0
0.05901904 1.038191 0.02084142 1

0.9982803 -0.05043584 -0.02987818 0
0.05216988 0.9968088 0.06041979 0
-0.0267355 0.06187465 -0.9977257 0
-0.05414861 1.043543 0.03043989 1

0.9953179 -0.04706776 -0.08441929 0
-0.04949439 -0.9984124 -0.02688463 0
0.08301985 -0.03093714 0.9960676 0
0.03085803 1.018991 0.08195991 1

0.9953179 -0.04706776 -0.08441929 0
0.04949439 0.9984124 0.02688466 0
-0.08301985 0.0309372 -0.9960676 0
-0.01804192 1.021303 0.08610745 1

0.9953179 -0.04706776 -0.08441929 0
-0.05468147 -0.9944152 -0.09026998 0
0.07969899 -0.09446348 0.9923332 0
0.0905692 1.000075 0.0629702 1

0.9953179 -0.04706776 -0.08441929 0
0.05468145 0.9944152 0.09026974 0
-0.07969899 0.09446334 -0.9923332 0
-0.08160089 1.008217 0.07757304 1

0.9953179 -0.04706776 -0.08441929 0
0.04949439 0.9984124 0.02688466 0
-0.08301985 0.0309372 -0.9960676 0
0.007143151 1.060972 0.06994232 1

0.9953179 -0.04706776 -0.08441929 0
0.04949439 0.9984124 0.02688466 0
-0.08301985 0.0309372 -0.9960676 0
-0.07777602 1.092655 0.04597664 1

0.9953179 -0.04706776 -0.08441929 0
0.04949439 0.9984124 0.02688466 0
-0.08301985 0.0309372 -0.9960676 0
0.004450404 1.058277 0.07759923 1

0.9953179 -0.04706776 -0.08441929 0
0.03422546 0.9884567 -0.1475878 0
-0.09039143 -0.1440075 -0.9854397 0
-0.05852649 1.042447 0.07138534 1

-0.06529232 0.9489318 -0.3086507 0
0.9402888 -0.04504049 -0.3373846 0
0.3340568 0.3122495 0.8893291 0
0.0262386 0.7872861 0.004424993 1

0.2147494 0.1485954 0.9652991 0
0.8050711 -0.5864903 -0.08882086 0
-0.5529404 -0.7962088 0.2455785 0
0.3030595 0.7740262 -0.09490103 1

0.2147519 0.148591 0.9652992 0
-0.3671159 -0.9035976 0.2207661 0
-0.9050456 0.4017864 0.1394991 0
0.5236493 0.6133279 -0.1192373 1

0.4431401 -0.04201224 0.8954675 0
-0.4085011 -0.8986262 0.1599947 0
-0.7979684 0.4366992 0.4153793 0
0.4630751 0.4642343 -0.08281094 1

-0.3654724 0.1974188 -0.9096462 0
-0.7979684 0.4366992 0.4153793 0
-0.4792455 -0.8776788 0.002067693 0
0.4630751 0.4642343 -0.08281094 1

-0.323191 -0.9388507 -0.1187729 0
-0.3524855 0.2359058 -0.9055951 0
-0.8782377 0.2508143 0.407174 0
0.4417435 0.3414424 -0.09706882 1

-0.3441739 0.2596452 -0.9022911 0
0.3320285 0.9325646 0.1417064 0
-0.8782378 0.2508143 0.4071739 0
0.4307929 0.3487712 -0.1252027 1

-0.3507855 -0.9300144 -0.1096483 0
-0.3520427 0.2394641 -0.9048333 0
-0.8677646 0.2788013 0.4114054 0
0.4193762 0.3546722 -0.08505598 1

-0.3430313 0.2629783 -0.9017609 0
0.3596029 0.9236411 0.1325656 0
-0.8677646 0.2788013 0.4114053 0
0.4054455 0.3641481 -0.1208611 1

-0.2744273 -0.9496616 0.1511058 0
-0.3815571 -0.03670155 -0.9236165 0
-0.8826686 0.3111208 0.3522781 0
0.3967304 0.3676363 -0.07388436 1

-0.3744731 -0.01260015 -0.9271524 0
0.2840178 0.950287 -0.1276283 0
-0.8826686 0.3111208 0.3522781 0
0.382061 0.3662252 -0.1093939 1

-0.4084177 -0.9121633 0.03396558 0
-0.2830369 0.09117687 -0.9547656 0
-0.8678047 0.3995564 0.295414 0
0.3676296 0.3817896 -0.07002864 1

-0.3192415 0.007279183 -0.9476456 0
0.3807884 0.9166797 -0.1212381 0
-0.8678048 0.3995565 0.2954139 0
0.3568169 0.3852728 -0.106503 1

-0.4840461 0.5739135 0.6605473 0
-0.86571 -0.2041296 -0.4570313 0
0.1274591 0.7930667 -0.5956508 0
0.3866201 0.4463556 -0.07751668 1

-0.9917701 0.1092317 -0.06678754 0
-0.01209692 -0.5992612 -0.8004623 0
0.1274591 0.7930668 -0.5956508 0
0.3580156 0.4396108 -0.09261777 1

0.347856 0.08675037 0.933526 0
-0.3671159 -0.9035976 0.2207661 0
-0.8626832 0.4195069 0.2824743 0
0.4887731 0.5274861 -0.09826458 1

0.5500718 0.72877 0.4078177 0
0.8287894 -0.5363882 -0.1593605 0
-0.1026115 -0.4256547 0.8990489 0
0.30318 0.7753959 -0.09444117 1

-0.05296715 -0.9272285 0.3707317 0
0.9860886 0.01000948 0.1659188 0
0.1575554 -0.3743624 -0.9137992 0
-0.04321095 0.7877511 0.007943413 1

0.2199758 -0.9544634 -0.2015206 0
0.753471 0.2974516 -0.5863482 0
-0.6195904 0.02285755 -0.7845924 0
-0.333515 0.7848045 -0.04090314 1

0.2199866 -0.9544579 -0.201534 0
-0.6644416 0.004655337 -0.7473258 0
-0.7142293 -0.2983092 0.6331575 0
-0.5399661 0.7033037 0.1197565 1

0.4657597 -0.8784187 0.1069975 0
-0.687589 -0.4353599 -0.5811049 0
-0.5570361 -0.1970851 0.8067641 0
-0.4303331 0.702535 0.2430656 1

-0.3392853 0.940673 -0.00446422 0
-0.5570361 -0.1970851 0.8067641 0
-0.7580214 -0.2762099 -0.5908567 0
-0.4303327 0.7025353 0.2430659 1

-0.6434789 -0.1922226 -0.7409354 0
-0.3132127 0.9493345 0.02572722 0
-0.6984502 -0.2486253 0.6710833 0
-0.3657797 0.7300074 0.3470567 1

-0.2967891 0.9539051 0.04451379 0
0.651217 0.1680794 0.7400444 0
-0.6984502 -0.2486253 0.6710833 0
-0.3560489 0.7005137 0.3462574 1

-0.6653628 -0.1962657 -0.7202584 0
-0.3114791 0.9498129 0.02892154 0
-0.6784344 -0.2435888 0.6931028 0
-0.3505443 0.7355404 0.3234581 1

-0.2945009 0.954486 0.04718263 0
0.67305 0.1721092 0.7192931 0
-0.6784344 -0.2435888 0.6931028 0
-0.3382187 0.6979555 0.3223138 1

-0.5814559 -0.4517385 -0.6766399 0
-0.4384568 0.874566 -0.2070995 0
-0.6853209 -0.1762582 0.7065893 0
-0.3348922 0.7403592 0.3002742 1

-0.4235662 0.8857435 -0.1898688 0
0.5923909 0.4294084 0.6816755 0
-0.685321 -0.1762582 0.7065893 0
-0.318035 0.7067352 0.3082365 1

-0.7018558 -0.321765 -0.6355042 0
-0.303611 0.9421949 -0.1417367 0
-0.6443748 -0.09346743 0.7589765 0
-0.3130944 0.7375597 0.276211 1

-0.3665954 0.9087778 -0.199326 0
0.6711105 0.4066778 0.6198581 0
-0.6443748 -0.09346743 0.7589765 0
-0.3014954 0.7015656 0.2816257 1

-0.1972571 -0.3971442 0.8963072 0
-0.9137138 0.405801 -0.02128175 0
0.3552704 0.8231658 0.442923 0
-0.3531473 0.7094772 0.2293854 1

-0.8903771 0.1537229 0.4284834 0
-0.2846254 0.5465961 -0.7875414 0
0.3552704 0.8231658 0.4429231 0
-0.3229562 0.6960698 0.2300888 1

0.1822153 -0.968793 -0.1680411 0
-0.6644416 0.004655337 -0.7473258 0
-0.7247862 -0.2478277 0.642858 0
-0.4768439 0.7028613 0.190753 1

0.623339 -0.6201951 -0.476242 0
0.6298586 0.7591518 -0.1642164 0
-0.463386 0.1976027 -0.8638442 0
-0.3333241 0.787118 -0.04056046 1

0.9302434 -0.3651286 -0.03644615 0
-0.2251792 -0.6464558 0.7289646 0
0.2897266 0.6699076 0.6835806 0
0.1453131 0.3569436 0.004621155 1

0.9302434 -0.3651286 -0.03644615 0
-0.3346477 -0.8034316 -0.4924518 0
-0.1505262 -0.4702967 0.8695765 0
0.09576487 0.214698 0.1650219 1

0.8430037 0.07544803 -0.5325902 0
0.03840333 -0.9960296 -0.08031368 0
0.536535 -0.04725135 0.8425543 0
0.03436005 0.06673267 0.08010036 1

0.8430037 0.07544803 -0.5325902 0
0.03644404 -0.9958504 -0.08338945 0
0.5366717 -0.05088795 0.8422554 0
0.07799174 0.01809886 0.1375786 1

0.8965142 -0.05787633 0.4392181 0
-0.005411469 0.989925 0.1414893 0
0.4429818 0.1292241 -0.8871687 0
-0.1492715 0.3666263 -0.03018869 1

0.8965142 -0.05787706 0.4392179 0
-0.4418559 -0.04515184 0.895949 0
0.03202339 0.9973021 0.06605261 0
-0.1480812 0.1488946 -0.06130895 1

0.9090235 -0.1011489 0.4042834 0
-0.333558 0.4049649 0.8513179 0
0.2498305 0.90872 -0.3343837 0
-0.06818818 0.1521035 -0.2239607 1

0.9090235 -0.1011489 0.4042834 0
-0.2425347 0.6604898 0.7105844 0
0.3388999 0.7439907 -0.5758687 0
-0.07380564 0.06656104 -0.2389164 1

1 0 0 0
0 1 0 0
0 0 -1 0
0 0 0 1

1 0 0 0
0 1 0 0
0 0 -1 0
0 0 0 1

1 0 0 0
0 1 0 0
0 0 -1 0
0 0 0 1

0.3319361 -0.9432759 0.007009417 0
0.5496064 0.187355 -0.8141443 0
-0.7666494 -0.2740963 -0.5806203 0
-0.427526 0.7043303 0.2491675 1

0.9973243 -0.01955951 0.07043862 0
-0.005853655 0.939081 0.3436461 0
0.07286911 0.343139 -0.9364538 0
0.005643094 0.4078603 -0.004619979 1

0.9990019 -0.005550199 0.04432352 0
-0.006999839 0.9605418 0.2780477 0
0.04411782 0.2780803 -0.9595441 0
0.004615993 0.4795972 0.02128901 1

0.9999559 0.0004152618 0.009387691 0
-0.0005503986 0.9998962 0.01439747 0
0.009380732 0.01440195 -0.9998522 0
0.003104177 0.5762393 0.04914061 1

0.9996789 -0.003899904 -0.02503779 0
-0.003137026 0.9614373 -0.2750061 0
-0.02514475 -0.2749963 -0.9611166 0
0.00227352 0.6461849 0.04945165 1

0.9923397 -0.03851155 -0.1173821 0
-0.005915008 0.9342667 -0.356526 0
-0.1233965 -0.3544894 -0.9268823 0
0.001499319 0.8236831 -0.009106628 1

0.997095 -0.02624832 -0.07149871 0
0.01543604 0.9889004 -0.1477758 0
-0.07458397 -0.1462429 -0.9864331 0
-0.0002978416 0.8738729 -0.04867394 1

0.997095 -0.02624832 -0.07149871 0
0.0255957 0.999622 -0.01002876 0
-0.07173492 -0.008169586 -0.9973902 0
0.00488722 0.9731286 -0.01280321 1

0.9881763 -0.153248 -0.004722714 0
0.1494616 0.9697143 -0.1931717 0
-0.03418285 -0.1901817 -0.9811537 0
-0.01545579 0.9658425 0.1032554 1

0.997095 -0.02624832 -0.07149871 0
0.01130522 0.979346 -0.2018752 0
-0.07532086 -0.2004804 -0.976798 0
0.01373339 0.9727015 0.1107198 1

0.9877849 0.0837533 -0.1314009 0
0.1059664 -0.9793137 0.1723832 0
0.1142451 0.1842017 0.9762265 0
0.0416605 0.9641733 0.09823417 1

0.997095 -0.02624832 -0.07149871 0
-0.02823177 -0.9992402 -0.02687316 0
0.070739 -0.02881359 0.9970787 0
0.06386515 0.9473436 0.08120863 1

0.997095 -0.02624832 -0.07149871 0
0.02823178 0.9992402 0.02687319 0
-0.070739 0.02881365 -0.9970787 0
0.01372712 0.9754491 0.1096237 1

0.997095 -0.02624844 -0.07149871 0
-0.028232 -0.9992401 -0.02687464 0
0.07073895 -0.02881514 0.9970787 0
0.06590188 1.032507 0.02117291 1

0.997095 -0.02624832 -0.07149871 0
-0.02823177 -0.9992402 -0.02687316 0
0.070739 -0.02881359 0.9970787 0
0.01656613 1.050614 0.07686428 1

0.997095 -0.02624832 -0.07149871 0
-0.02823177 -0.9992402 -0.02687316 0
0.070739 -0.02881359 0.9970787 0
0.04363219 0.9670857 0.1000344 1

0.997095 -0.02624832 -0.07149871 0
-0.02823177 -0.9992402 -0.02687316 0
0.070739 -0.02881359 0.9970787 0
0.09519825 1.078666 0.03319114 1

0.997095 -0.02624832 -0.07149871 0
0.02823178 0.9992402 0.02687319 0
-0.070739 0.02881365 -0.9970787 0
0.01486843 1.009524 0.11303 1

0.997095 -0.02624832 -0.07149871 0
0.02823178 0.9992402 0.02687319 0
-0.070739 0.02881365 -0.9970787 0
-0.04038075 0.9501983 0.08942176 1

0.997095 -0.02624832 -0.07149871 0
0.02822956 0.9992409 0.02684185 0
-0.0707399 0.02878224 -0.9970793 0
-0.0474671 1.035487 0.02930854 1

0.997095 -0.02624832 -0.07149871 0
0.02823178 0.9992402 0.02687319 0
-0.070739 0.02881365 -0.9970787 0
-0.01719558 0.9687501 0.1048168 1

0.9995629 -0.02945548 0.002543189 0
-0.02931847 -0.9986386 -0.04314641 0
-0.003810629 -0.04305293 0.9990656 0
0.06590334 1.032515 0.02118459 1

0.9994573 -0.0287043 -0.01615505 0
0.02939112 0.9985983 0.04401775 0
-0.01486889 0.0444687 -0.9989001 0
-0.04746637 1.0355 0.02931395 1

0.997095 -0.02624832 -0.07149871 0
-0.02823177 -0.9992402 -0.02687316 0
0.070739 -0.02881359 0.9970787 0
0.03743312 1.011749 0.08208976 1

0.997095 -0.02624832 -0.07149871 0
0.02823178 0.9992402 0.02687319 0
-0.070739 0.02881365 -0.9970787 0
-0.01172949 1.013043 0.08561503 1

0.997095 -0.02624832 -0.07149871 0
-0.03215262 -0.9960541 -0.08272131 0
0.0690453 -0.08477996 0.9940048 0
0.09766898 0.9944388 0.06360223 1

0.997095 -0.02624832 -0.07149871 0
0.03215259 0.9960539 0.08272106 0
-0.06904528 0.08477961 -0.9940045 0
-0.07480856 0.9989792 0.07597006 1

0.997095 -0.02624832 -0.07149871 0
0.02823178 0.9992402 0.02687319 0
-0.070739 0.02881365 -0.9970787 0
0.01293053 1.054241 0.06959236 1

0.997095 -0.02624832 -0.07149871 0
0.02823178 0.9992402 0.02687319 0
-0.070739 0.02881365 -0.9970787 0
-0.07233334 1.082997 0.04467866 1

0.997095 -0.02624832 -0.07149871 0
0.02823178 0.9992402 0.02687319 0
-0.070739 0.02881365 -0.9970787 0
0.01018472 1.050782 0.07732185 1

0.997095 -0.02624832 -0.07149871 0
0.01543604 0.9889004 -0.1477758 0
-0.07458397 -0.1462429 -0.9864331 0
-0.05235042 1.034328 0.07020006 1

-0.08321351 0.9433322 -0.3212473 0
0.9557885 -0.01568416 -0.2936366 0
0.2820353 0.3314791 0.9003211 0
0.03645513 0.780194 0.004637522 1

0.1209845 0.1482761 0.9815177 0
0.849191 -0.5274945 -0.02498585 0
-0.5140405 -0.8365188 0.1897333 0
0.3178393 0.7755765 -0.08180904 1

0.1209869 0.1482724 0.9815179 0
-0.2381798 -0.9555601 0.1737103 0
-0.9636559 0.2547944 0.0802948 0
0.5505176 0.6310431 -0.0886546 1

0.372508 0.263411 0.8898611 0
-0.3527578 -0.8467076 0.3983063 0
-0.8583704 0.4622776 0.2224851 0
0.511218 0.4733757 -0.05999239 1

-0.305593 -0.1123799 -0.9455072 0
-0.8583704 0.4622776 0.2224851 0
-0.412084 -0.8795852 0.2377323 0
0.511218 0.4733757 -0.05999241 1

-0.2428525 -0.9585125 0.1492527 0
-0.2958331 -0.07335056 -0.9524193 0
-0.9238536 0.2754514 0.2657463 0
0.5001695 0.350348 -0.03812277 1

-0.2895775 -0.04901287 -0.955899 0
0.2502788 0.9600647 -0.1250452 0
-0.9238536 0.2754514 0.2657462 0
0.490979 0.3480693 -0.06771139 1

-0.2716592 -0.9500213 0.1538212 0
-0.2957149 -0.06969991 -0.9527302 0
-0.915835 0.304305 0.2620008 0
0.4760071 0.3643551 -0.03182906 1

-0.2887287 -0.04557871 -0.9563257 0
0.2790731 0.9514838 -0.1296043 0
-0.915835 0.304305 0.2620008 0
0.4643055 0.361597 -0.06952947 1

-0.2150142 -0.8853104 0.4123037 0
-0.3032654 -0.3407811 -0.8898867 0
-0.9283313 0.3163757 0.1952112 0
0.4516541 0.3778372 -0.02627288 1

-0.2977137 -0.3182143 -0.9000592 0
0.2226378 0.8936702 -0.3895977 0
-0.9283313 0.3163757 0.1952112 0
0.4399948 0.3647355 -0.0604856 1

-0.3416708 -0.8964373 0.2822432 0
-0.2122492 -0.2189564 -0.9523699 0
-0.9155388 0.3853028 0.1154571 0
0.4213778 0.3897067 -0.02839226 1

-0.24264 -0.3001116 -0.9225287 0
0.3208028 0.8726252 -0.3682536 0
-0.9155387 0.3853028 0.1154572 0
0.4132693 0.3813421 -0.06477506 1

-0.5758482 0.6939787 0.4321951 0
-0.8093249 -0.4090548 -0.4215061 0
0.1157249 0.5925097 -0.7972077 0
0.4361058 0.4507432 -0.05375173 1

-0.9886708 -0.008531075 -0.1498587 0
0.09559377 -0.8055182 -0.5848097 0
0.1157249 0.5925096 -0.7972078 0
0.4093643 0.4372274 -0.06767906 1

0.2201466 0.1210847 0.9679226 0
-0.2381798 -0.9555601 0.1737103 0
-0.9459418 0.2687813 0.1815233 0
0.5278905 0.540265 -0.07215209 1

0.5056886 0.7508683 0.4248246 0
0.8529692 -0.5089674 -0.1157403 0
-0.1293161 -0.4208907 0.8978466 0
0.3178756 0.7773438 -0.08132298 1

-0.05393818 -0.9342313 0.3525662 0
0.9773172 0.02302402 0.2105263 0
0.2047978 -0.3559242 -0.9117982 0
-0.0330627 0.7804651 0.00637866 1

0.2571507 -0.9266468 -0.2742253 0
0.7487454 0.37045 -0.5496792 0
-0.6109453 0.06397455 -0.7890839 0
-0.3207844 0.7736871 -0.05560036 1

0.2571609 -0.9266404 -0.2742371 0
-0.5997315 0.06948619 -0.7971789 0
-0.7577537 -0.3694719 0.5378664 0
-0.5259407 0.6721846 0.09501205 1

0.5010859 -0.8627887 0.06714916 0
-0.6401789 -0.4217721 -0.6420901 0
-0.5823097 -0.2787549 0.7636828 0
-0.4269849 0.6607188 0.2265468 1

-0.3823074 0.9229209 0.04536875 0
-0.5823097 -0.2787549 0.7636828 0
-0.7174657 -0.2655427 -0.6439956 0
-0.4269846 0.6607192 0.2265472 1

-0.6004539 -0.1660566 -0.782228 0
-0.3580263 0.9305069 0.0772937 0
-0.7150333 -0.3264696 0.6181791 0
-0.3684399 0.6833984 0.3351478 1

-0.3426798 0.9344199 0.09711128 0
0.6093428 0.1423994 0.7800157 0
-0.7150334 -0.3264696 0.6181791 0
-0.3573169 0.6544895 0.3327464 1

-0.623017 -0.1725268 -0.762945 0
-0.3564597 0.9308286 0.08059222 0
-0.6962663 -0.3221694 0.6414206 0
-0.3524523 0.6912751 0.3127431 1

-0.3405412 0.9349055 0.09991965 0
0.6318587 0.1488594 0.7606551 0
-0.6962663 -0.3221694 0.6414206 0
-0.3383466 0.6544414 0.309554 1

-0.5292814 -0.4265942 -0.7334022 0
-0.4692389 0.8673538 -0.1658691 0
-0.7068781 -0.2563495 0.6592487 0
-0.3360336 0.6984284 0.2907211 1

-0.455662 0.8778961 -0.1472118 0
0.5410141 0.4044552 0.7373739 0
-0.7068781 -0.2563495 0.6592487 0
-0.317993 0.6650816 0.2970981 1

-0.6573177 -0.3052773 -0.6890136 0
-0.3407159 0.9358859 -0.08961564 0
-0.6721953 -0.175852 0.7191869 0
-0.3130875 0.6983208 0.2675804 1

-0.3994667 0.9040049 -0.152323 0
0.6233622 0.3896818 0.6779147 0
-0.6721953 -0.175852 0.7191869 0
-0.3000711 0.6625677 0.2710042 1

-0.2178877 -0.4689356 0.855935 0
-0.9298323 0.3662127 -0.03606448 0
0.2965423 0.8037336 0.5158245 0
-0.3496785 0.671975 0.2170583 1

-0.9146361 0.08360947 0.3955385 0
-0.2747799 0.5890855 -0.7599177 0
0.2965423 0.8037336 0.5158245 0
-0.318955 0.6598756 0.2182502 1

0.2158955 -0.9452282 -0.2448127 0
-0.5997315 0.06948619 -0.7971789 0
-0.770527 -0.3189293 0.5518813 0
-0.468966 0.6655833 0.1707446 1

0.6545078 -0.6017483 -0.457732 0
0.6237092 0.771925 -0.1229584 0
-0.4273248 0.2050146 -0.8805467 0
-0.3207434 0.775046 -0.05522376 1

0.9251015 -0.3795661 -0.01081008 0
-0.2685293 -0.6740737 0.6881256 0
0.2684759 0.6336831 0.7255112 0
0.1533061 0.3569833 -0.002730424 1

0.9251015 -0.3795661 -0.01081008 0
-0.3215055 -0.7678099 -0.554168 0
-0.2020433 -0.5161372 0.8323348 0
0.09420632 0.2086285 0.148717 1

0.8456457 0.05738054 -0.5306513 0
0.03694556 -0.9981127 -0.04905167 0
0.5324644 -0.02187519 0.8461698 0
0.0349141 0.06686094 0.05240203 1

0.8456457 0.05738054 -0.5306513 0
0.03378392 -0.9979653 -0.05407418 0
0.5326743 -0.02780018 0.8458637 0
0.07818429 0.01996854 0.1115756 1

0.8732288 0.09379262 0.4781991 0
0.1086771 0.919107 -0.3787239 0
0.4750376 -0.3826819 -0.7923976 0
-0.1426919 0.3627887 -0.02363603 1

0.8732287 0.09379162 0.4781995 0
-0.4698785 -0.0980619 0.8772673 0
-0.1291735 0.9907507 0.04155982 0
-0.1665887 0.1606878 0.05964094 1

0.9352258 -0.002290942 0.3540445 0
-0.3074671 0.4905573 0.8153636 0
